[cam_0]
name = "1"
size = [ 1488, 1128,]
matrix = [ [ 1064.7033864318549, 0.0, 800.3472655083745,], [ 0.0, 1064.7033864318549,  544.4211390210959,], [ 0.0, 0.0, 1.0,],]
distortions = [ -0.29925425155060655, 0.0694526908109709, 0.0, 0.0, 0.0,]
rotation = [ 0.0, 0.0, 0.0,]
translation = [ 0.0, 0.0, 0.0,]

[cam_1]
name = "2"
size = [ 1572, 960,]
matrix = [ [ 1092.127065409706, 0.0, 680.3355014074311,], [ 0.0, 1092.127065409706, 455.64856161587189,], [ 0.0, 0.0, 1.0,],]
distortions = [-0.39398961132092677, 0.1595163689186945, 0.0, 0.0, 0.0,]
rotation = [-0.04439272655719526, -1.9584989640519238, -2.3751676985970038,]
translation = [ 0.07730072346390635, -1.5236382545348686, 1.3711580076705113,]

[cam_2]
name = "3"
size = [ 1480, 1104,]
matrix = [ [ 1045.2362033659004, 0.0, 762.6313542424417,], [ 0.0, 1045.2362033659004, 515.7468610486708,], [ 0.0, 0.0, 1.0,],]
distortions = [ -0.3186377696659603, 0.0938063769314668, 0.0, 0.0, 0.0,]
rotation = [ -0.12861183227103069, 3.044933291524115, 0.8013414986296632,]
translation = [ -0.05730858794994976, -0.8209319276572099, 3.0100143099391496,]


[metadata]
adjusted = false
error = 1
